MYLIFT
[4, 4, 4, 3, 2, 1, 0]
[13, 13, 13, 12, 11, 9, 7, 5, 4, 3, 1, 0]
[108, 108, 107, 106, 105, 104, 103, 102, 101, 100, 99, 98, 97, 96, 94, 92, 90, 89, 87, 85, 84, 83, 82, 81, 80, 79, 78, 77, 76, 74, 71, 69, 67, 66, 65, 64, 63, 62, 61, 60, 59, 58, 56, 56, 55, 54, 53, 52, 51, 50, 49, 48, 47, 46, 43, 43, 42, 41, 40, 39, 38, 37, 36, 35, 34, 33, 32, 31, 30, 29, 27, 25, 25, 24, 23, 22, 21, 21, 20, 19, 17, 17, 16, 14, 13, 12, 9, 8, 8, 8, 7, 7, 6, 5, 4, 3, 2, 1, 0]
LOOK
[4, 4, 3, 2, 1, 1, 1, 1, 0]
[13, 13, 12, 11, 9, 7, 5, 4, 4, 4, 4, 3, 3, 1, 0]
[108, 108, 107, 106, 105, 104, 103, 103, 102, 101, 100, 99, 99, 99, 99, 98, 98, 98, 98, 96, 96, 94, 92, 92, 92, 92, 92, 92, 91, 90, 88, 86, 86, 84, 84, 84, 84, 83, 82, 81, 79, 78, 78, 77, 77, 77, 77, 77, 77, 77, 76, 75, 75, 74, 70, 69, 69, 69, 68, 66, 65, 65, 64, 63, 62, 62, 62, 62, 62, 62, 62, 61, 61, 60, 57, 56, 56, 56, 56, 55, 54, 53, 52, 51, 50, 50, 50, 50, 48, 46, 44, 42, 40, 40, 40, 39, 39, 39, 39, 39, 39, 38, 37, 36, 35, 35, 33, 33, 32, 32, 31, 31, 30, 29, 28, 27, 27, 26, 26, 26, 26, 26, 26, 26, 25, 24, 23, 21, 21, 21, 20, 19, 19, 19, 18, 18, 18, 17, 16, 15, 15, 15, 15, 15, 15, 15, 15, 15, 14, 12, 11, 11, 11, 11, 10, 8, 8, 7, 7, 7, 6, 5, 5, 5, 5, 5, 5, 5, 5, 5, 5, 5, 4, 3, 3, 2, 2, 2, 2, 1, 1, 0]
SCAN
[4, 4, 4, 3, 2, 1, 1, 1, 1, 0]
[13, 13, 13, 12, 11, 9, 7, 5, 4, 4, 4, 4, 3, 3, 1, 0]
[108, 108, 108, 107, 106, 105, 104, 103, 103, 102, 101, 100, 99, 99, 99, 99, 98, 98, 98, 98, 96, 96, 94, 92, 92, 92, 92, 92, 90, 90, 89, 88, 87, 87, 85, 85, 85, 85, 84, 83, 83, 82, 81, 81, 80, 79, 79, 79, 79, 79, 79, 78, 78, 75, 74, 72, 71, 71, 71, 70, 69, 69, 68, 66, 65, 64, 64, 64, 64, 64, 64, 64, 64, 64, 63, 61, 60, 58, 57, 57, 57, 57, 56, 55, 54, 53, 52, 51, 50, 49, 49, 49, 49, 48, 48, 45, 43, 42, 41, 41, 40, 40, 40, 40, 40, 40, 39, 38, 38, 37, 37, 36, 35, 34, 34, 33, 32, 30, 29, 29, 29, 28, 28, 28, 28, 28, 28, 28, 28, 27, 25, 24, 21, 21, 21, 21, 20, 20, 20, 20, 18, 17, 16, 15, 14, 14, 14, 14, 14, 14, 14, 14, 14, 13, 12, 11, 11, 11, 11, 10, 8, 8, 8, 8, 6, 6, 5, 5, 5, 5, 5, 5, 5, 5, 5, 5, 5, 4, 4, 3, 2, 1, 1, 1, 0]
